證券代碼	公司名稱	年月日	收盤價(元)
2454 聯發科	20100104	351.435
2454 聯發科	20100105	352.054
2454 聯發科	20100106	356.393
2454 聯發科	20100107	347.716
2454 聯發科	20100108	340.898
2454 聯發科	20100111	345.856
2454 聯發科	20100112	345.856
2454 聯發科	20100113	339.038
2454 聯發科	20100114	355.153
2454 聯發科	20100115	361.971
2454 聯發科	20100118	363.211
2454 聯發科	20100119	353.294
2454 聯發科	20100120	357.013
2454 聯發科	20100121	340.898
2454 聯發科	20100122	324.163
2454 聯發科	20100125	326.022
2454 聯發科	20100126	319.824
2454 聯發科	20100127	323.543
2454 聯發科	20100128	324.163
2454 聯發科	20100129	322.303
2454 聯發科	20100201	313.006
2454 聯發科	20100202	308.667
2454 聯發科	20100203	315.485
2454 聯發科	20100204	319.204
2454 聯發科	20100205	316.725
2454 聯發科	20100206	317.345
2454 聯發科	20100208	313.626
2454 聯發科	20100209	317.345
2454 聯發科	20100210	321.064
2454 聯發科	20100222	327.882
2454 聯發科	20100223	330.981
2454 聯發科	20100224	327.262
2454 聯發科	20100225	314.246
2454 聯發科	20100226	313.006
2454 聯發科	20100301	321.064
2454 聯發科	20100302	319.824
2454 聯發科	20100303	325.402
2454 聯發科	20100304	318.584
2454 聯發科	20100305	315.485
2454 聯發科	20100308	327.262
2454 聯發科	20100309	329.741
2454 聯發科	20100310	333.46
2454 聯發科	20100311	338.418
2454 聯發科	20100312	333.46
2454 聯發科	20100315	328.501
2454 聯發科	20100316	329.741
2454 聯發科	20100317	339.038
2454 聯發科	20100318	335.319
2454 聯發科	20100319	334.08
2454 聯發科	20100322	328.501
2454 聯發科	20100323	321.683
2454 聯發科	20100324	322.303
2454 聯發科	20100325	331.601
2454 聯發科	20100326	347.096
2454 聯發科	20100329	345.856
2454 聯發科	20100330	340.898
2454 聯發科	20100331	341.517
2454 聯發科	20100401	350.815
2454 聯發科	20100402	347.096
2454 聯發科	20100406	353.294
2454 聯發科	20100407	351.435
2454 聯發科	20100408	340.898
2454 聯發科	20100409	345.236
2454 聯發科	20100412	340.898
2454 聯發科	20100413	337.179
2454 聯發科	20100414	341.517
2454 聯發科	20100415	343.377
2454 聯發科	20100416	338.418
2454 聯發科	20100419	329.121
2454 聯發科	20100420	325.402
2454 聯發科	20100421	340.898
2454 聯發科	20100422	347.096
2454 聯發科	20100423	348.955
2454 聯發科	20100426	358.872
2454 聯發科	20100427	357.013
2454 聯發科	20100428	352.674
2454 聯發科	20100429	340.898
2454 聯發科	20100430	330.981
2454 聯發科	20100503	333.46
2454 聯發科	20100504	334.7
2454 聯發科	20100505	331.601
2454 聯發科	20100506	324.783
2454 聯發科	20100507	327.882
2454 聯發科	20100510	330.361
2454 聯發科	20100511	324.783
2454 聯發科	20100512	323.543
2454 聯發科	20100513	326.642
2454 聯發科	20100514	325.402
2454 聯發科	20100517	322.303
2454 聯發科	20100518	319.824
2454 聯發科	20100519	319.204
2454 聯發科	20100520	311.766
2454 聯發科	20100521	305.568
2454 聯發科	20100524	309.287
2454 聯發科	20100525	304.639
2454 聯發科	20100526	313.006
2454 聯發科	20100527	316.725
2454 聯發科	20100528	318.584
2454 聯發科	20100531	324.163
2454 聯發科	20100601	319.824
2454 聯發科	20100602	319.824
2454 聯發科	20100603	331.601
2454 聯發科	20100604	326.642
2454 聯發科	20100607	322.303
2454 聯發科	20100608	319.204
2454 聯發科	20100609	319.824
2454 聯發科	20100610	319.204
2454 聯發科	20100611	322.923
2454 聯發科	20100614	320.444
2454 聯發科	20100615	319.824
2454 聯發科	20100617	310.527
2454 聯發科	20100618	307.428
2454 聯發科	20100621	314.246
2454 聯發科	20100622	314.246
2454 聯發科	20100623	313.626
2454 聯發科	20100624	309.287
2454 聯發科	20100625	298.75
2454 聯發科	20100628	288.214
2454 聯發科	20100629	286.354
2454 聯發科	20100630	280.466
2454 聯發科	20100701	267.76
2454 聯發科	20100702	263.731
2454 聯發科	20100705	272.718
2454 聯發科	20100706	280.776
2454 聯發科	20100707	277.677
2454 聯發科	20100708	281.396
2454 聯發科	20100709	292.242
2454 聯發科	20100712	290.073
2454 聯發科	20100713	286.664
2454 聯發科	20100714	294.412
2454 聯發科	20100715	286.974
2454 聯發科	20100716	290.693
2454 聯發科	20100719	287.594
2454 聯發科	20100720	290.073
2454 聯發科	20100721	286.354
2454 聯發科	20100722	280.776
2454 聯發科	20100723	291.313
2454 聯發科	20100726	297.511
2454 聯發科	20100727	299.37
2454 聯發科	20100728	290.128
2454 聯發科	20100729	280.282
2454 聯發科	20100730	284.548
2454 聯發科	20100802	282.579
2454 聯發科	20100803	287.502
2454 聯發科	20100804	287.83
2454 聯發科	20100805	287.502
2454 聯發科	20100806	291.769
2454 聯發科	20100809	303.912
2454 聯發科	20100810	297.348
2454 聯發科	20100811	298.661
2454 聯發科	20100812	301.287
2454 聯發科	20100813	301.943
2454 聯發科	20100816	301.943
2454 聯發科	20100817	299.318
2454 聯發科	20100818	299.974
2454 聯發科	20100819	300.63
2454 聯發科	20100820	297.348
2454 聯發科	20100823	294.066
2454 聯發科	20100824	293.41
2454 聯發科	20100825	282.908
2454 聯發科	20100826	287.502
2454 聯發科	20100827	286.518
2454 聯發科	20100830	285.861
2454 聯發科	20100831	286.518
2454 聯發科	20100901	287.174
2454 聯發科	20100902	292.097
2454 聯發科	20100903	311.789
2454 聯發科	20100906	313.102
2454 聯發科	20100907	309.82
2454 聯發科	20100908	306.538
2454 聯發科	20100909	302.928
2454 聯發科	20100910	311.789
2454 聯發科	20100913	315.071
2454 聯發科	20100914	318.353
2454 聯發科	20100915	313.758
2454 聯發科	20100916	311.789
2454 聯發科	20100917	314.086
2454 聯發科	20100920	310.805
2454 聯發科	20100921	309.82
2454 聯發科	20100923	305.225
2454 聯發科	20100924	292.753
2454 聯發科	20100927	296.692
2454 聯發科	20100928	298.333
2454 聯發科	20100929	294.723
2454 聯發科	20100930	288.159
2454 聯發科	20101001	294.723
2454 聯發科	20101004	280.938
2454 聯發科	20101005	272.733
2454 聯發科	20101006	270.764
2454 聯發科	20101007	272.077
2454 聯發科	20101008	269.123
2454 聯發科	20101011	269.123
2454 聯發科	20101012	263.216
2454 聯發科	20101013	265.841
2454 聯發科	20101014	265.185
2454 聯發科	20101015	255.995
2454 聯發科	20101018	246.806
2454 聯發科	20101019	249.759
2454 聯發科	20101020	257.636
2454 聯發科	20101021	254.026
2454 聯發科	20101022	254.026
2454 聯發科	20101025	259.277
2454 聯發科	20101026	257.964
2454 聯發科	20101027	251.4
2454 聯發科	20101028	256.652
2454 聯發科	20101029	252.713
2454 聯發科	20101101	258.293
2454 聯發科	20101102	254.354
2454 聯發科	20101103	257.964
2454 聯發科	20101104	263.872
2454 聯發科	20101105	259.934
2454 聯發科	20101108	252.713
2454 聯發科	20101109	251.072
2454 聯發科	20101110	250.088
2454 聯發科	20101111	250.744
2454 聯發科	20101112	248.118
2454 聯發科	20101115	249.431
2454 聯發科	20101116	252.713
2454 聯發科	20101117	251.4
2454 聯發科	20101118	249.759
2454 聯發科	20101119	251.072
2454 聯發科	20101122	259.934
2454 聯發科	20101123	261.903
2454 聯發科	20101124	262.559
2454 聯發科	20101125	260.59
2454 聯發科	20101126	261.246
2454 聯發科	20101129	259.277
2454 聯發科	20101130	256.323
2454 聯發科	20101201	256.98
2454 聯發科	20101202	259.277
2454 聯發科	20101203	277.328
2454 聯發科	20101206	277.985
2454 聯發科	20101207	275.359
2454 聯發科	20101208	278.313
2454 聯發科	20101209	279.625
2454 聯發科	20101210	274.374
2454 聯發科	20101213	280.938
2454 聯發科	20101214	282.908
2454 聯發科	20101215	280.282
2454 聯發科	20101216	276.672
2454 聯發科	20101217	283.564
2454 聯發科	20101220	282.251
2454 聯發科	20101221	284.877
2454 聯發科	20101222	281.267
2454 聯發科	20101223	283.236
2454 聯發科	20101224	277.985
2454 聯發科	20101227	271.092
2454 聯發科	20101228	271.749
2454 聯發科	20101229	269.123
2454 聯發科	20101230	267.482
2454 聯發科	20101231	274.046
2454 聯發科	20110103	272.405
2454 聯發科	20110104	274.374
2454 聯發科	20110105	275.687
2454 聯發科	20110106	269.78
2454 聯發科	20110107	255.995
2454 聯發科	20110110	252.713
2454 聯發科	20110111	261.246
2454 聯發科	20110112	272.405
2454 聯發科	20110113	269.78
2454 聯發科	20110114	266.169
2454 聯發科	20110117	260.918
2454 聯發科	20110118	262.559
2454 聯發科	20110119	263.544
2454 聯發科	20110120	261.246
2454 聯發科	20110121	259.605
2454 聯發科	20110124	258.621
2454 聯發科	20110125	259.934
2454 聯發科	20110126	263.216
2454 聯發科	20110127	266.498
2454 聯發科	20110128	259.934
2454 聯發科	20110208	241.883
2454 聯發科	20110209	226.786
2454 聯發科	20110210	232.037
2454 聯發科	20110211	226.457
2454 聯發科	20110214	228.427
2454 聯發科	20110215	230.724
2454 聯發科	20110216	228.427
2454 聯發科	20110217	222.519
2454 聯發科	20110218	225.144
2454 聯發科	20110221	222.519
2454 聯發科	20110222	217.596
2454 聯發科	20110223	219.237
2454 聯發科	20110224	219.237
2454 聯發科	20110225	219.237
2454 聯發科	20110301	215.298
2454 聯發科	20110302	226.786
2454 聯發科	20110303	223.504
2454 聯發科	20110304	220.221
2454 聯發科	20110307	217.924
2454 聯發科	20110308	223.832
2454 聯發科	20110309	225.144
2454 聯發科	20110310	228.427
2454 聯發科	20110311	226.457
2454 聯發科	20110314	220.55
2454 聯發科	20110315	209.063
2454 聯發科	20110316	215.627
2454 聯發科	20110317	225.801
2454 聯發科	20110318	227.442
2454 聯發科	20110321	223.832
2454 聯發科	20110322	228.427
2454 聯發科	20110323	228.427
2454 聯發科	20110324	224.816
2454 聯發科	20110325	225.144
2454 聯發科	20110328	223.504
2454 聯發科	20110329	223.832
2454 聯發科	20110330	220.221
2454 聯發科	20110331	221.863
2454 聯發科	20110401	225.144
2454 聯發科	20110406	229.411
2454 聯發科	20110407	230.396
2454 聯發科	20110408	229.739
2454 聯發科	20110411	232.365
2454 聯發科	20110412	227.114
2454 聯發科	20110413	228.098
2454 聯發科	20110414	222.519
2454 聯發科	20110415	220.55
2454 聯發科	20110418	210.047
2454 聯發科	20110419	202.827
2454 聯發科	20110420	202.171
2454 聯發科	20110421	206.437
2454 聯發科	20110422	204.14
2454 聯發科	20110425	200.53
2454 聯發科	20110426	205.453
2454 聯發科	20110427	210.376
2454 聯發科	20110428	206.437
2454 聯發科	20110429	207.75
2454 聯發科	20110503	221.534
2454 聯發科	20110504	225.801
2454 聯發科	20110505	228.098
2454 聯發科	20110506	228.098
2454 聯發科	20110509	236.303
2454 聯發科	20110510	231.38
2454 聯發科	20110511	229.739
2454 聯發科	20110512	231.38
2454 聯發科	20110513	231.38
2454 聯發科	20110516	226.786
2454 聯發科	20110517	219.565
2454 聯發科	20110518	223.175
2454 聯發科	20110519	216.611
2454 聯發科	20110520	208.735
2454 聯發科	20110523	203.483
2454 聯發科	20110524	206.109
2454 聯發科	20110525	203.483
2454 聯發科	20110526	201.842
2454 聯發科	20110527	203.155
2454 聯發科	20110530	208.078
2454 聯發科	20110531	210.047
2454 聯發科	20110601	216.611
2454 聯發科	20110602	210.376
2454 聯發科	20110603	209.719
2454 聯發科	20110607	205.781
2454 聯發科	20110608	207.422
2454 聯發科	20110609	205.124
2454 聯發科	20110610	200.858
2454 聯發科	20110613	198.232
2454 聯發科	20110614	199.545
2454 聯發科	20110615	199.545
2454 聯發科	20110616	195.278
2454 聯發科	20110617	197.904
2454 聯發科	20110620	193.637
2454 聯發科	20110621	204.796
2454 聯發科	20110622	210.704
2454 聯發科	20110623	208.735
2454 聯發科	20110624	204.14
2454 聯發科	20110627	204.14
2454 聯發科	20110628	202.827
2454 聯發科	20110629	208.078
2454 聯發科	20110630	204.796
2454 聯發科	20110701	205.781
2454 聯發科	20110704	206.109
2454 聯發科	20110705	202.827
2454 聯發科	20110706	202.827
2454 聯發科	20110707	199.873
2454 聯發科	20110708	202.683
2454 聯發科	20110711	193.199
2454 聯發科	20110712	184.066
2454 聯發科	20110713	173.528
2454 聯發科	20110714	181.256
2454 聯發科	20110715	184.768
2454 聯發科	20110718	176.338
2454 聯發科	20110719	182.31
2454 聯發科	20110720	191.091
2454 聯發科	20110721	190.389
2454 聯發科	20110722	194.604
2454 聯發科	20110725	190.038
2454 聯發科	20110726	197.414
2454 聯發科	20110727	194.604
2454 聯發科	20110728	186.876
2454 聯發科	20110729	181.607
2454 聯發科	20110801	179.148
2454 聯發科	20110802	181.607
2454 聯發科	20110803	176.689
2454 聯發科	20110804	166.854
2454 聯發科	20110805	157.369
2454 聯發科	20110808	162.287
2454 聯發科	20110809	173.528
2454 聯發科	20110810	179.851
2454 聯發科	20110811	185.471
2454 聯發科	20110812	180.553
2454 聯發科	20110815	187.227
2454 聯發科	20110816	184.417
2454 聯發科	20110817	179.851
2454 聯發科	20110818	178.446
2454 聯發科	20110819	177.041
2454 聯發科	20110822	188.984
2454 聯發科	20110823	191.091
2454 聯發科	20110824	196.712
2454 聯發科	20110825	197.414
2454 聯發科	20110826	205.494
2454 聯發科	20110829	203.035
2454 聯發科	20110830	203.737
2454 聯發科	20110831	204.791
2454 聯發科	20110901	203.737
2454 聯發科	20110902	206.196
2454 聯發科	20110905	200.225
2454 聯發科	20110906	192.497
2454 聯發科	20110907	198.468
2454 聯發科	20110908	199.171
2454 聯發科	20110909	198.468
2454 聯發科	20110913	199.171
2454 聯發科	20110914	196.361
2454 聯發科	20110915	208.304
2454 聯發科	20110916	218.491
2454 聯發科	20110919	217.437
2454 聯發科	20110920	229.38
2454 聯發科	20110921	238.162
2454 聯發科	20110922	244.485
2454 聯發科	20110923	227.624
2454 聯發科	20110926	214.978
2454 聯發科	20110927	229.731
2454 聯發科	20110928	233.946
2454 聯發科	20110929	230.785
2454 聯發科	20110930	237.108
2454 聯發科	20111003	228.326
2454 聯發科	20111004	229.731
2454 聯發科	20111005	230.785
2454 聯發科	20111006	231.839
2454 聯發科	20111007	218.139
2454 聯發科	20111011	224.813
2454 聯發科	20111012	231.136
2454 聯發科	20111013	236.054
2454 聯發科	20111014	236.405
2454 聯發科	20111017	236.054
2454 聯發科	20111018	238.162
2454 聯發科	20111019	230.434
2454 聯發科	20111020	229.38
2454 聯發科	20111021	233.244
2454 聯發科	20111024	241.674
2454 聯發科	20111025	238.162
2454 聯發科	20111026	237.459
2454 聯發科	20111027	229.731
2454 聯發科	20111028	227.624
2454 聯發科	20111031	223.408
2454 聯發科	20111101	224.462
2454 聯發科	20111102	229.029
2454 聯發科	20111103	218.491
2454 聯發科	20111104	225.516
2454 聯發科	20111107	223.057
2454 聯發科	20111108	222.706
2454 聯發科	20111109	223.408
2454 聯發科	20111110	217.437
2454 聯發科	20111111	219.544
2454 聯發科	20111114	225.516
2454 聯發科	20111115	221.301
2454 聯發科	20111116	214.978
2454 聯發科	20111117	216.734
2454 聯發科	20111118	216.383
2454 聯發科	20111121	211.465
2454 聯發科	20111122	203.035
2454 聯發科	20111123	199.522
2454 聯發科	20111124	192.145
2454 聯發科	20111125	192.145
2454 聯發科	20111128	197.414
2454 聯發科	20111129	198.468
2454 聯發科	20111130	196.361
2454 聯發科	20111201	201.981
2454 聯發科	20111202	203.035
2454 聯發科	20111205	197.063
2454 聯發科	20111206	184.066
2454 聯發科	20111207	185.12
2454 聯發科	20111208	180.553
2454 聯發科	20111209	182.661
2454 聯發科	20111212	183.363
2454 聯發科	20111213	188.984
2454 聯發科	20111214	187.93
2454 聯發科	20111215	180.202
2454 聯發科	20111216	179.148
2454 聯發科	20111219	171.069
2454 聯發科	20111220	176.338
2454 聯發科	20111221	188.632
2454 聯發科	20111222	188.281
2454 聯發科	20111223	197.766
2454 聯發科	20111226	197.414
2454 聯發科	20111227	196.009
2454 聯發科	20111228	193.55
2454 聯發科	20111229	194.955
2454 聯發科	20111230	194.955
2454 聯發科	20120102	191.794
2454 聯發科	20120103	196.712
2454 聯發科	20120104	197.063
2454 聯發科	20120105	198.117
2454 聯發科	20120106	195.658
2454 聯發科	20120109	187.579
2454 聯發科	20120110	189.686
2454 聯發科	20120111	192.848
2454 聯發科	20120112	191.091
2454 聯發科	20120113	191.091
2454 聯發科	20120116	182.661
2454 聯發科	20120117	184.768
2454 聯發科	20120118	184.768
2454 聯發科	20120130	196.361
2454 聯發科	20120131	198.468
2454 聯發科	20120201	202.332
2454 聯發科	20120202	201.278
2454 聯發科	20120203	205.494
2454 聯發科	20120204	205.142
2454 聯發科	20120206	200.225
2454 聯發科	20120207	200.225
2454 聯發科	20120208	204.44
2454 聯發科	20120209	205.494
2454 聯發科	20120210	204.791
2454 聯發科	20120213	218.842
2454 聯發科	20120214	222.003
2454 聯發科	20120215	223.057
2454 聯發科	20120216	212.87
2454 聯發科	20120217	212.87
2454 聯發科	20120220	216.383
2454 聯發科	20120221	214.978
2454 聯發科	20120222	219.896
2454 聯發科	20120223	213.573
2454 聯發科	20120224	212.168
2454 聯發科	20120229	211.465
2454 聯發科	20120301	213.221
2454 聯發科	20120302	221.301
2454 聯發科	20120303	219.896
2454 聯發科	20120305	216.383
2454 聯發科	20120306	220.598
2454 聯發科	20120307	223.057
2454 聯發科	20120308	219.193
2454 聯發科	20120309	217.788
2454 聯發科	20120312	212.87
2454 聯發科	20120313	213.221
2454 聯發科	20120314	214.978
2454 聯發科	20120315	220.247
2454 聯發科	20120316	217.086
2454 聯發科	20120319	215.68
2454 聯發科	20120320	213.573
2454 聯發科	20120321	212.519
2454 聯發科	20120322	210.763
2454 聯發科	20120323	207.952
2454 聯發科	20120326	207.952
2454 聯發科	20120327	207.25
2454 聯發科	20120328	201.278
2454 聯發科	20120329	192.497
2454 聯發科	20120330	198.468
2454 聯發科	20120402	194.253
2454 聯發科	20120403	194.604
2454 聯發科	20120405	192.848
2454 聯發科	20120406	196.009
2454 聯發科	20120409	191.794
2454 聯發科	20120410	193.55
2454 聯發科	20120411	194.604
2454 聯發科	20120412	195.307
2454 聯發科	20120413	196.361
2454 聯發科	20120416	198.117
2454 聯發科	20120417	192.497
2454 聯發科	20120418	194.955
2454 聯發科	20120419	194.253
2454 聯發科	20120420	182.661
2454 聯發科	20120423	183.012
2454 聯發科	20120424	181.256
2454 聯發科	20120425	184.768
2454 聯發科	20120426	180.553
2454 聯發科	20120427	168.961
2454 聯發科	20120430	177.743
2454 聯發科	20120502	187.579
2454 聯發科	20120503	186.525
2454 聯發科	20120504	190.389
2454 聯發科	20120507	192.145
2454 聯發科	20120508	186.174
2454 聯發科	20120509	186.174
2454 聯發科	20120510	185.471
2454 聯發科	20120511	184.768
2454 聯發科	20120514	185.471
2454 聯發科	20120515	188.984
2454 聯發科	20120516	184.066
2454 聯發科	20120517	191.443
2454 聯發科	20120518	184.066
2454 聯發科	20120521	184.066
2454 聯發科	20120522	184.417
2454 聯發科	20120523	177.743
2454 聯發科	20120524	180.202
2454 聯發科	20120525	178.797
2454 聯發科	20120528	181.958
2454 聯發科	20120529	191.443
2454 聯發科	20120530	187.579
2454 聯發科	20120531	185.471
2454 聯發科	20120601	180.905
2454 聯發科	20120604	172.123
2454 聯發科	20120605	178.446
2454 聯發科	20120606	180.905
2454 聯發科	20120607	183.012
2454 聯發科	20120608	178.446
2454 聯發科	20120611	181.256
2454 聯發科	20120612	179.148
2454 聯發科	20120613	181.256
2454 聯發科	20120614	183.363
2454 聯發科	20120615	186.174
2454 聯發科	20120618	194.253
2454 聯發科	20120619	192.848
2454 聯發科	20120620	193.902
2454 聯發科	20120621	190.389
2454 聯發科	20120622	192.497
2454 聯發科	20120625	197.063
2454 聯發科	20120626	192.848
2454 聯發科	20120627	191.091
2454 聯發科	20120628	191.091
2454 聯發科	20120629	191.794
2454 聯發科	20120702	188.984
2454 聯發科	20120703	192.146
2454 聯發科	20120704	192.848
2454 聯發科	20120705	192.497
2454 聯發科	20120706	191.794
2454 聯發科	20120709	193.199
2454 聯發科	20120710	186.174
2454 聯發科	20120711	185.823
2454 聯發科	20120712	179.851
2454 聯發科	20120713	174.231
2454 聯發科	20120716	177.511
2454 聯發科	20120717	182.614
2454 聯發科	20120718	179.333
2454 聯發科	20120719	180.792
2454 聯發科	20120720	182.25
2454 聯發科	20120723	177.511
2454 聯發科	20120724	177.511
2454 聯發科	20120725	175.689
2454 聯發科	20120726	172.408
2454 聯發科	20120727	174.959
2454 聯發科	20120730	180.063
2454 聯發科	20120731	185.894
2454 聯發科	20120801	198.652
2454 聯發科	20120803	203.39
2454 聯發科	20120806	200.475
2454 聯發科	20120807	204.848
2454 聯發科	20120808	205.577
2454 聯發科	20120809	205.577
2454 聯發科	20120810	207.035
2454 聯發科	20120813	213.961
2454 聯發科	20120814	212.138
2454 聯發科	20120815	207.4
2454 聯發科	20120816	212.867
2454 聯發科	20120817	214.69
2454 聯發科	20120820	217.241
2454 聯發科	20120821	218.699
2454 聯發科	20120822	220.522
2454 聯發科	20120823	227.447
2454 聯發科	20120824	231.821
2454 聯發科	20120827	232.55
2454 聯發科	20120828	229.634
2454 聯發科	20120829	233.279
2454 聯發科	20120830	230.728
2454 聯發科	20120831	233.279
2454 聯發科	20120903	233.279
2454 聯發科	20120904	236.924
2454 聯發科	20120905	234.008
2454 聯發科	20120906	228.905
2454 聯發科	20120907	234.737
2454 聯發科	20120910	245.672
2454 聯發科	20120911	247.13
2454 聯發科	20120912	245.308
2454 聯發科	20120913	243.85
2454 聯發科	20120914	247.13
2454 聯發科	20120917	241.663
2454 聯發科	20120918	241.298
2454 聯發科	20120919	238.018
2454 聯發科	20120920	236.924
2454 聯發科	20120921	234.373
2454 聯發科	20120924	240.569
2454 聯發科	20120925	237.653
2454 聯發科	20120926	234.737
2454 聯發科	20120927	236.924
2454 聯發科	20120928	225.625
2454 聯發科	20121001	227.812
2454 聯發科	20121002	234.737
2454 聯發科	20121003	234.373
2454 聯發科	20121004	232.186
2454 聯發科	20121005	236.924
2454 聯發科	20121008	238.382
2454 聯發科	20121009	236.195
2454 聯發科	20121011	237.289
2454 聯發科	20121012	233.279
2454 聯發科	20121015	229.634
2454 聯發科	20121016	231.457
2454 聯發科	20121017	231.092
2454 聯發科	20121018	233.279
2454 聯發科	20121019	235.831
2454 聯發科	20121022	237.653
2454 聯發科	20121023	235.102
2454 聯發科	20121024	238.018
2454 聯發科	20121025	234.008
2454 聯發科	20121026	232.186
2454 聯發科	20121029	240.205
2454 聯發科	20121030	236.924
2454 聯發科	20121031	236.56
2454 聯發科	20121101	238.018
2454 聯發科	20121102	236.924
2454 聯發科	20121105	231.821
2454 聯發科	20121106	225.989
2454 聯發科	20121107	229.634
2454 聯發科	20121108	231.092
2454 聯發科	20121109	236.924
2454 聯發科	20121112	234.737
2454 聯發科	20121113	233.279
2454 聯發科	20121114	231.821
2454 聯發科	20121115	231.821
2454 聯發科	20121116	229.634
2454 聯發科	20121119	227.447
2454 聯發科	20121120	224.531
2454 聯發科	20121121	226.354
2454 聯發科	20121122	228.176
2454 聯發科	20121123	233.279
2454 聯發科	20121126	236.924
2454 聯發科	20121127	236.56
2454 聯發科	20121128	236.195
2454 聯發科	20121129	238.747
2454 聯發科	20121130	240.934
2454 聯發科	20121203	244.214
2454 聯發科	20121204	242.027
2454 聯發科	20121205	240.569
2454 聯發科	20121206	235.831
2454 聯發科	20121207	235.831
2454 聯發科	20121210	231.821
2454 聯發科	20121211	234.737
2454 聯發科	20121212	248.224
2454 聯發科	20121213	247.495
2454 聯發科	20121214	247.495
2454 聯發科	20121217	246.401
2454 聯發科	20121218	244.579
2454 聯發科	20121219	238.382
2454 聯發科	20121220	235.466
2454 聯發科	20121221	234.008
2454 聯發科	20121222	231.457
2454 聯發科	20121224	231.457
2454 聯發科	20121225	234.737
2454 聯發科	20121226	234.373
2454 聯發科	20121227	236.195
2454 聯發科	20121228	235.831
2454 聯發科	20130102	236.924
2454 聯發科	20130103	237.653
2454 聯發科	20130104	222.709
2454 聯發科	20130107	219.793
2454 聯發科	20130108	220.522
2454 聯發科	20130109	227.447
2454 聯發科	20130110	228.905
2454 聯發科	20130111	227.812
2454 聯發科	20130114	227.447
2454 聯發科	20130115	227.083
2454 聯發科	20130116	225.625
2454 聯發科	20130117	223.802
2454 聯發科	20130118	225.26
2454 聯發科	20130121	230.728
2454 聯發科	20130122	232.186
2454 聯發科	20130123	231.457
2454 聯發科	20130124	232.55
2454 聯發科	20130125	234.737
2454 聯發科	20130128	236.924
2454 聯發科	20130129	236.924
2454 聯發科	20130130	236.924
2454 聯發科	20130131	235.466
2454 聯發科	20130201	236.56
2454 聯發科	20130204	236.924
2454 聯發科	20130205	237.653
2454 聯發科	20130206	236.924
2454 聯發科	20130218	236.924
2454 聯發科	20130219	236.195
2454 聯發科	20130220	237.653
2454 聯發科	20130221	237.653
2454 聯發科	20130222	238.382
2454 聯發科	20130223	238.018
2454 聯發科	20130225	245.308
2454 聯發科	20130226	240.569
2454 聯發科	20130227	243.121
2454 聯發科	20130301	246.766
2454 聯發科	20130304	248.953
2454 聯發科	20130305	253.327
2454 聯發科	20130306	252.233
2454 聯發科	20130307	252.233
2454 聯發科	20130308	253.691
2454 聯發科	20130311	255.149
2454 聯發科	20130312	258.794
2454 聯發科	20130313	256.972
2454 聯發科	20130314	250.046
2454 聯發科	20130315	248.953
2454 聯發科	20130318	246.766
2454 聯發科	20130319	247.859
2454 聯發科	20130320	247.13
2454 聯發科	20130321	242.027
2454 聯發科	20130322	242.756
2454 聯發科	20130325	246.766
2454 聯發科	20130326	247.859
2454 聯發科	20130327	249.682
2454 聯發科	20130328	247.859
2454 聯發科	20130329	249.317
2454 聯發科	20130401	248.588
2454 聯發科	20130402	253.691
2454 聯發科	20130403	259.523
2454 聯發科	20130408	255.149
2454 聯發科	20130409	254.785
2454 聯發科	20130410	256.972
2454 聯發科	20130411	255.878
2454 聯發科	20130412	251.869
2454 聯發科	20130415	246.037
2454 聯發科	20130416	248.224
2454 聯發科	20130417	252.962
2454 聯發科	20130418	252.233
2454 聯發科	20130419	260.981
2454 聯發科	20130422	264.626
2454 聯發科	20130423	266.084
2454 聯發科	20130424	266.084
2454 聯發科	20130425	263.897
2454 聯發科	20130426	258.794
2454 聯發科	20130429	263.533
2454 聯發科	20130430	262.439
2454 聯發科	20130502	266.813
2454 聯發科	20130503	267.177
2454 聯發科	20130506	271.551
2454 聯發科	20130507	270.458
2454 聯發科	20130508	274.103
2454 聯發科	20130509	273.374
2454 聯發科	20130510	269
2454 聯發科	20130513	269
2454 聯發科	20130514	267.542
2454 聯發科	20130515	267.906
2454 聯發科	20130516	272.645
2454 聯發科	20130517	276.29
2454 聯發科	20130520	275.925
2454 聯發科	20130521	275.196
2454 聯發科	20130522	278.477
2454 聯發科	20130523	269.729
2454 聯發科	20130524	264.626
2454 聯發科	20130527	262.439
2454 聯發科	20130528	264.626
2454 聯發科	20130529	265.355
2454 聯發科	20130530	263.532
2454 聯發科	20130531	271.187
2454 聯發科	20130603	268.271
2454 聯發科	20130604	269
2454 聯發科	20130605	265.719
2454 聯發科	20130606	267.177
2454 聯發科	20130607	269.729
2454 聯發科	20130610	274.103
2454 聯發科	20130611	267.177
2454 聯發科	20130613	263.168
2454 聯發科	20130614	256.607
2454 聯發科	20130617	258.065
2454 聯發科	20130618	259.158
2454 聯發科	20130619	256.242
2454 聯發科	20130620	249.682
2454 聯發科	20130621	240.569
2454 聯發科	20130624	225.26
2454 聯發科	20130625	228.905
2454 聯發科	20130626	239.111
2454 聯發科	20130627	239.111
2454 聯發科	20130628	254.055
2454 聯發科	20130701	251.504
2454 聯發科	20130702	248.952
2454 聯發科	20130703	244.578
2454 聯發科	20130704	240.569
2454 聯發科	20130705	251.869
2454 聯發科	20130708	254.42
2454 聯發科	20130709	257.7
2454 聯發科	20130710	256.242
2454 聯發科	20130711	255.149
2454 聯發科	20130712	262.439
2454 聯發科	20130715	260.981
2454 聯發科	20130716	261.355
2454 聯發科	20130717	254.251
2454 聯發科	20130718	247.521
2454 聯發科	20130719	241.165
2454 聯發科	20130722	247.147
2454 聯發科	20130723	256.868
2454 聯發科	20130724	259.112
2454 聯發科	20130725	265.468
2454 聯發科	20130726	267.711
2454 聯發科	20130729	269.955
2454 聯發科	20130730	265.842
2454 聯發科	20130731	269.207
2454 聯發科	20130801	270.702
2454 聯發科	20130802	271.45
2454 聯發科	20130805	268.085
2454 聯發科	20130806	262.477
2454 聯發科	20130807	261.729
2454 聯發科	20130808	264.72
2454 聯發科	20130809	262.477
2454 聯發科	20130812	263.598
2454 聯發科	20130813	273.694
2454 聯發科	20130814	271.45
2454 聯發科	20130815	269.207
2454 聯發科	20130816	269.207
2454 聯發科	20130819	280.424
2454 聯發科	20130820	276.685
2454 聯發科	20130822	275.189
2454 聯發科	20130823	274.442
2454 聯發科	20130826	274.815
2454 聯發科	20130827	274.815
2454 聯發科	20130828	273.694
2454 聯發科	20130829	271.824
2454 聯發科	20130830	274.442
2454 聯發科	20130902	267.711
2454 聯發科	20130903	271.824
2454 聯發科	20130904	272.946
2454 聯發科	20130905	274.815
2454 聯發科	20130906	276.311
2454 聯發科	20130909	276.685
2454 聯發科	20130910	275.937
2454 聯發科	20130911	276.685
2454 聯發科	20130912	279.676
2454 聯發科	20130913	277.059
2454 聯發科	20130914	273.694
2454 聯發科	20130916	276.685
2454 聯發科	20130917	278.18
2454 聯發科	20130918	276.685
2454 聯發科	20130923	277.433
2454 聯發科	20130924	276.311
2454 聯發科	20130925	277.807
2454 聯發科	20130926	278.18
2454 聯發科	20130927	277.059
2454 聯發科	20130930	273.32
2454 聯發科	20131001	273.32
2454 聯發科	20131002	275.189
2454 聯發科	20131003	281.172
2454 聯發科	20131004	283.789
2454 聯發科	20131007	278.928
2454 聯發科	20131008	283.041
2454 聯發科	20131009	285.659
2454 聯發科	20131011	287.528
2454 聯發科	20131014	287.528
2454 聯發科	20131015	294.632
2454 聯發科	20131016	291.267
2454 聯發科	20131017	294.632
2454 聯發科	20131018	295.38
2454 聯發科	20131021	292.762
2454 聯發科	20131022	292.762
2454 聯發科	20131023	296.128
2454 聯發科	20131024	294.632
2454 聯發科	20131025	290.519
2454 聯發科	20131028	292.389
2454 聯發科	20131029	295.38
2454 聯發科	20131030	295.38
2454 聯發科	20131031	300.614
2454 聯發科	20131101	302.484
2454 聯發科	20131104	323.422
2454 聯發科	20131105	321.553
2454 聯發科	20131106	323.048
2454 聯發科	20131107	321.179
2454 聯發科	20131108	320.057
2454 聯發科	20131111	318.562
2454 聯發科	20131112	310.336
2454 聯發科	20131113	308.466
2454 聯發科	20131114	306.971
2454 聯發科	20131115	306.971
2454 聯發科	20131118	309.588
2454 聯發科	20131119	322.674
2454 聯發科	20131120	313.327
2454 聯發科	20131121	310.336
2454 聯發科	20131122	317.066
2454 聯發科	20131125	320.057
2454 聯發科	20131126	322.674
2454 聯發科	20131127	320.431
2454 聯發科	20131128	325.292
2454 聯發科	20131129	326.039
2454 聯發科	20131202	321.553
2454 聯發科	20131203	324.918
2454 聯發科	20131204	325.292
2454 聯發科	20131205	321.927
2454 聯發科	20131206	321.553
2454 聯發科	20131209	320.057
2454 聯發科	20131210	321.179
2454 聯發科	20131211	321.553
2454 聯發科	20131212	314.822
2454 聯發科	20131213	311.831
2454 聯發科	20131216	311.831
2454 聯發科	20131217	316.692
2454 聯發科	20131218	312.579
2454 聯發科	20131219	320.805
2454 聯發科	20131220	323.422
2454 聯發科	20131223	322.674
2454 聯發科	20131224	319.683
2454 聯發科	20131225	321.553
2454 聯發科	20131226	320.431
2454 聯發科	20131227	326.039
2454 聯發科	20131230	332.396
2454 聯發科	20131231	331.648
2454 聯發科	20140102	329.779
2454 聯發科	20140103	325.666
2454 聯發科	20140106	322.674
2454 聯發科	20140107	312.953
2454 聯發科	20140108	304.353
2454 聯發科	20140109	308.092
2454 聯發科	20140110	311.831
2454 聯發科	20140113	310.71
2454 聯發科	20140114	310.71
2454 聯發科	20140115	313.327
2454 聯發科	20140116	312.579
2454 聯發科	20140117	310.336
2454 聯發科	20140120	306.597
2454 聯發科	20140121	290.145
2454 聯發科	20140122	298.371
2454 聯發科	20140123	300.614
2454 聯發科	20140124	304.727
2454 聯發科	20140127	299.493
2454 聯發科	20140205	299.867
2454 聯發科	20140206	304.727
2454 聯發科	20140207	306.223
2454 聯發科	20140210	306.597
2454 聯發科	20140211	313.327
2454 聯發科	20140212	324.544
2454 聯發科	20140213	320.805
2454 聯發科	20140214	322.674
2454 聯發科	20140217	320.805
2454 聯發科	20140218	324.17
2454 聯發科	20140219	325.292
2454 聯發科	20140220	325.292
2454 聯發科	20140221	326.039
2454 聯發科	20140224	326.039
2454 聯發科	20140225	333.144
2454 聯發科	20140226	333.144
2454 聯發科	20140227	332.77
2454 聯發科	20140303	336.509
2454 聯發科	20140304	332.77
2454 聯發科	20140305	336.882
2454 聯發科	20140306	347.726
2454 聯發科	20140307	353.708
2454 聯發科	20140310	352.96
2454 聯發科	20140311	354.83
2454 聯發科	20140312	340.995
2454 聯發科	20140313	338.004
2454 聯發科	20140314	343.987
2454 聯發科	20140317	338.752
2454 聯發科	20140318	338.752
2454 聯發科	20140319	329.031
2454 聯發科	20140320	331.648
2454 聯發科	20140321	330.9
2454 聯發科	20140324	332.022
2454 聯發科	20140325	337.256
2454 聯發科	20140326	342.117
2454 聯發科	20140327	338.004
2454 聯發科	20140328	332.77
2454 聯發科	20140331	336.135
2454 聯發科	20140401	346.604
2454 聯發科	20140402	349.221
2454 聯發科	20140403	342.491
2454 聯發科	20140407	344.734
2454 聯發科	20140408	343.987
2454 聯發科	20140409	345.108
2454 聯發科	20140410	351.091
2454 聯發科	20140411	347.726
2454 聯發科	20140414	343.987
2454 聯發科	20140415	341.369
2454 聯發科	20140416	338.004
2454 聯發科	20140417	345.108
2454 聯發科	20140418	341.743
2454 聯發科	20140421	350.717
2454 聯發科	20140422	351.465
2454 聯發科	20140423	353.334
2454 聯發科	20140424	356.699
2454 聯發科	20140425	350.717
2454 聯發科	20140428	363.055
2454 聯發科	20140429	361.56
2454 聯發科	20140430	352.96
2454 聯發科	20140502	377.637
2454 聯發科	20140505	383.62
2454 聯發科	20140506	380.629
2454 聯發科	20140507	387.359
2454 聯發科	20140508	382.872
2454 聯發科	20140509	378.385
2454 聯發科	20140512	369.038
2454 聯發科	20140513	367.542
2454 聯發科	20140514	376.89
2454 聯發科	20140515	373.899
2454 聯發科	20140516	375.394
2454 聯發科	20140519	367.916
2454 聯發科	20140520	367.916
2454 聯發科	20140521	365.299
2454 聯發科	20140522	377.637
2454 聯發科	20140523	372.777
2454 聯發科	20140526	369.786
2454 聯發科	20140527	380.629
2454 聯發科	20140528	379.881
2454 聯發科	20140529	372.403
2454 聯發科	20140530	364.177
2454 聯發科	20140603	367.916
2454 聯發科	20140604	366.794
2454 聯發科	20140605	379.133
2454 聯發科	20140606	373.899
2454 聯發科	20140609	380.629
2454 聯發科	20140610	381.377
2454 聯發科	20140611	378.385
2454 聯發科	20140612	373.899
2454 聯發科	20140613	373.899
2454 聯發科	20140616	371.281
2454 聯發科	20140617	381.377
2454 聯發科	20140618	383.62
2454 聯發科	20140619	387.359
2454 聯發科	20140620	380.629
2454 聯發科	20140623	382.124
2454 聯發科	20140624	377.637
2454 聯發科	20140625	377.637
2454 聯發科	20140626	385.116
2454 聯發科	20140627	374.646
2454 聯發科	20140630	377.637
2454 聯發科	20140701	379.881
2454 聯發科	20140702	387.359
2454 聯發科	20140703	400.071
2454 聯發科	20140704	404.688
2454 聯發科	20140707	408.534
2454 聯發科	20140708	401.61
2454 聯發科	20140709	399.302
2454 聯發科	20140710	396.224
2454 聯發科	20140711	385.453
2454 聯發科	20140714	386.992
2454 聯發科	20140715	381.606
2454 聯發科	20140716	382.376
2454 聯發科	20140717	380.837
2454 聯發科	20140718	387.762
2454 聯發科	20140721	390.07
2454 聯發科	20140722	397.763
2454 聯發科	20140724	394.686
2454 聯發科	20140725	390.07
2454 聯發科	20140728	386.992
2454 聯發科	20140729	383.145
2454 聯發科	20140730	386.223
2454 聯發科	20140731	360.834
2454 聯發科	20140801	381.991
2454 聯發科	20140804	378.529
2454 聯發科	20140805	374.682
2454 聯發科	20140806	386.992
2454 聯發科	20140807	378.529
2454 聯發科	20140808	377.375
2454 聯發科	20140811	380.837
2454 聯發科	20140812	376.606
2454 聯發科	20140813	383.53
2454 聯發科	20140814	384.684
2454 聯發科	20140815	384.684
2454 聯發科	20140818	384.684
2454 聯發科	20140819	392.378
2454 聯發科	20140820	393.916
2454 聯發科	20140821	394.686
2454 聯發科	20140822	391.608
2454 聯發科	20140825	385.453
2454 聯發科	20140826	380.837
2454 聯發科	20140827	385.453
2454 聯發科	20140828	381.991
2454 聯發科	20140829	384.299
2454 聯發科	20140901	396.224
2454 聯發科	20140902	396.224
2454 聯發科	20140903	395.455
2454 聯發科	20140904	396.224
2454 聯發科	20140905	394.686
2454 聯發科	20140909	400.071
2454 聯發科	20140910	394.686
2454 聯發科	20140911	392.378
2454 聯發科	20140912	389.3
2454 聯發科	20140915	385.453
2454 聯發科	20140916	382.376
2454 聯發科	20140917	382.761
2454 聯發科	20140918	384.684
2454 聯發科	20140919	382.376
2454 聯發科	20140922	380.068
2454 聯發科	20140923	363.911
2454 聯發科	20140924	344.677
2454 聯發科	20140925	346.6
2454 聯發科	20140926	350.062
2454 聯發科	20140929	342.369
2454 聯發科	20140930	346.6
2454 聯發科	20141001	351.986
2454 聯發科	20141002	350.832
2454 聯發科	20141003	350.062
2454 聯發科	20141006	358.526
2454 聯發科	20141007	350.447
2454 聯發科	20141008	340.83
2454 聯發科	20141009	323.135
2454 聯發科	20141013	310.055
2454 聯發科	20141014	321.981
2454 聯發科	20141015	328.52
2454 聯發科	20141016	324.673
2454 聯發科	20141017	323.135
2454 聯發科	20141020	321.596
2454 聯發科	20141021	323.135
2454 聯發科	20141022	327.366
2454 聯發科	20141023	323.135
2454 聯發科	20141024	322.365
2454 聯發科	20141027	321.596
2454 聯發科	20141028	326.981
2454 聯發科	20141029	335.06
2454 聯發科	20141030	329.674
2454 聯發科	20141031	333.136
2454 聯發科	20141103	336.599
2454 聯發科	20141104	333.906
2454 聯發科	20141105	328.135
2454 聯發科	20141106	317.749
2454 聯發科	20141107	328.52
2454 聯發科	20141110	347.754
2454 聯發科	20141111	342.753
2454 聯發科	20141112	344.677
2454 聯發科	20141113	349.293
2454 聯發科	20141114	350.447
2454 聯發科	20141117	344.677
2454 聯發科	20141118	336.599
2454 聯發科	20141119	338.522
2454 聯發科	20141120	338.522
2454 聯發科	20141121	342.369
2454 聯發科	20141124	346.216
2454 聯發科	20141125	346.216
2454 聯發科	20141126	351.601
2454 聯發科	20141127	357.756
2454 聯發科	20141128	357.756
2454 聯發科	20141201	356.217
2454 聯發科	20141202	348.524
2454 聯發科	20141203	355.448
2454 聯發科	20141204	359.295
2454 聯發科	20141205	352.37
2454 聯發科	20141208	335.444
2454 聯發科	20141209	336.983
2454 聯發科	20141210	330.828
2454 聯發科	20141211	333.906
2454 聯發科	20141212	338.907
2454 聯發科	20141215	338.137
2454 聯發科	20141216	336.983
2454 聯發科	20141217	338.522
2454 聯發科	20141218	342.753
2454 聯發科	20141219	351.601
2454 聯發科	20141222	350.062
2454 聯發科	20141223	352.37
2454 聯發科	20141224	357.371
2454 聯發科	20141225	355.063
2454 聯發科	20141226	356.987
2454 聯發科	20141227	357.371
2454 聯發科	20141229	359.68
2454 聯發科	20141230	355.448
2454 聯發科	20141231	355.448
2454 聯發科	20150105	355.448
2454 聯發科	20150106	352.37
2454 聯發科	20150107	374.298
2454 聯發科	20150108	373.144
2454 聯發科	20150109	375.452
2454 聯發科	20150112	375.452
2454 聯發科	20150113	371.605
2454 聯發科	20150114	375.452
2454 聯發科	20150115	373.913
2454 聯發科	20150116	365.834
2454 聯發科	20150119	374.682
2454 聯發科	20150120	376.99
2454 聯發科	20150121	379.683
2454 聯發科	20150122	381.222
2454 聯發科	20150123	380.452
2454 聯發科	20150126	387.762
2454 聯發科	20150127	386.223
2454 聯發科	20150128	386.223
2454 聯發科	20150129	382.761
2454 聯發科	20150130	371.605
2454 聯發科	20150202	371.22
2454 聯發科	20150203	373.144
2454 聯發科	20150204	373.144
2454 聯發科	20150205	373.144
2454 聯發科	20150206	368.527
2454 聯發科	20150209	375.452
2454 聯發科	20150210	349.293
2454 聯發科	20150211	349.293
2454 聯發科	20150212	352.37
2454 聯發科	20150213	353.14
2454 聯發科	20150224	361.603
2454 聯發科	20150225	364.296
2454 聯發科	20150226	363.911
2454 聯發科	20150302	366.988
2454 聯發科	20150303	368.143
2454 聯發科	20150304	365.834
2454 聯發科	20150305	365.834
2454 聯發科	20150306	361.988
2454 聯發科	20150309	353.909
2454 聯發科	20150310	353.909
2454 聯發科	20150311	348.908
2454 聯發科	20150312	348.908
2454 聯發科	20150313	344.677
2454 聯發科	20150316	332.367
2454 聯發科	20150317	330.828
2454 聯發科	20150318	335.06
2454 聯發科	20150319	333.906
2454 聯發科	20150320	335.444
2454 聯發科	20150323	337.368
2454 聯發科	20150324	343.138
2454 聯發科	20150325	340.83
2454 聯發科	20150326	338.522
2454 聯發科	20150327	322.365
2454 聯發科	20150330	321.596
2454 聯發科	20150331	325.827
2454 聯發科	20150401	322.75
2454 聯發科	20150402	316.98
2454 聯發科	20150407	323.904
2454 聯發科	20150408	323.904
2454 聯發科	20150409	324.673
2454 聯發科	20150410	324.289
2454 聯發科	20150413	322.75
2454 聯發科	20150414	319.288
2454 聯發科	20150415	306.593
2454 聯發科	20150416	314.671
2454 聯發科	20150417	308.517
2454 聯發科	20150420	300.053
2454 聯發科	20150421	300.823
2454 聯發科	20150422	309.286
2454 聯發科	20150423	310.055
2454 聯發科	20150424	322.365
2454 聯發科	20150427	315.826
2454 聯發科	20150428	306.978
2454 聯發科	20150429	308.132
2454 聯發科	20150430	303.9
2454 聯發科	20150504	292.36
2454 聯發科	20150505	288.128
2454 聯發科	20150506	284.666
2454 聯發科	20150507	283.512
2454 聯發科	20150508	289.667
2454 聯發科	20150511	284.666
2454 聯發科	20150512	285.82
2454 聯發科	20150513	305.824
2454 聯發科	20150514	302.362
2454 聯發科	20150515	300.053
2454 聯發科	20150518	301.208
2454 聯發科	20150519	301.592
2454 聯發科	20150520	307.363
2454 聯發科	20150521	307.747
2454 聯發科	20150522	315.441
2454 聯發科	20150525	305.824
2454 聯發科	20150526	307.363
2454 聯發科	20150527	307.747
2454 聯發科	20150528	314.671
2454 聯發科	20150529	318.903
2454 聯發科	20150601	315.441
2454 聯發科	20150602	315.441
2454 聯發科	20150603	315.441
2454 聯發科	20150604	310.055
2454 聯發科	20150605	308.132
2454 聯發科	20150608	308.132
2454 聯發科	20150609	308.901
2454 聯發科	20150610	310.44
2454 聯發科	20150611	310.44
2454 聯發科	20150612	320.057
2454 聯發科	20150615	314.671
2454 聯發科	20150616	317.364
2454 聯發科	20150617	326.597
2454 聯發科	20150618	325.058
2454 聯發科	20150622	333.906
2454 聯發科	20150623	327.751
2454 聯發科	20150624	324.289
2454 聯發科	20150625	332.752
2454 聯發科	20150626	326.981
2454 聯發科	20150629	327.751
2454 聯發科	20150630	324.673
2454 聯發科	20150701	328.905
2454 聯發科	20150702	323.904
2454 聯發科	20150703	327.751
2454 聯發科	20150706	322.365
2454 聯發科	20150707	321.596
2454 聯發科	20150708	310.055
2454 聯發科	20150709	307.747
2454 聯發科	20150713	306.209
2454 聯發科	20150714	299.284
2454 聯發科	20150715	304.177
2454 聯發科	20150716	300.915
2454 聯發科	20150717	297.653
2454 聯發科	20150720	282.567
2454 聯發科	20150721	291.129
2454 聯發科	20150722	285.829
2454 聯發科	20150723	278.897
2454 聯發科	20150724	265.849
2454 聯發科	20150727	258.917
2454 聯發科	20150728	262.179
2454 聯發科	20150729	262.995
2454 聯發科	20150730	266.665
2454 聯發科	20150731	270.742
2454 聯發科	20150803	243.831
2454 聯發科	20150804	228.337
2454 聯發科	20150805	220.182
2454 聯發科	20150806	224.26
2454 聯發科	20150807	226.706
2454 聯發科	20150810	234.861
2454 聯發科	20150811	231.599
2454 聯發科	20150812	228.337
2454 聯發科	20150813	227.929
2454 聯發科	20150814	220.182
2454 聯發科	20150817	216.105
2454 聯發科	20150818	217.736
2454 聯發科	20150819	212.843
2454 聯發科	20150820	212.027
2454 聯發科	20150821	207.134
2454 聯發科	20150824	186.747
2454 聯發科	20150825	191.64
2454 聯發科	20150826	187.155
2454 聯發科	20150827	187.563
2454 聯發科	20150828	206.319
2454 聯發科	20150831	204.688
2454 聯發科	20150901	199.795
2454 聯發科	20150902	198.164
2454 聯發科	20150903	197.348
2454 聯發科	20150904	197.348
2454 聯發科	20150907	201.018
2454 聯發科	20150908	207.95
2454 聯發科	20150909	228.337
2454 聯發科	20150910	222.629
2454 聯發科	20150911	225.891
2454 聯發科	20150914	225.891
2454 聯發科	20150915	220.998
2454 聯發科	20150916	225.075
2454 聯發科	20150917	225.891
2454 聯發科	20150918	227.114
2454 聯發科	20150921	214.881
2454 聯發科	20150922	212.027
2454 聯發科	20150923	204.688
2454 聯發科	20150924	192.455
2454 聯發科	20150925	193.271
2454 聯發科	20150930	198.572
2454 聯發科	20151001	204.28
2454 聯發科	20151002	203.464
2454 聯發科	20151005	198.164
2454 聯發科	20151006	199.795
2454 聯發科	20151007	210.396
2454 聯發科	20151008	216.512
2454 聯發科	20151012	217.328
2454 聯發科	20151013	225.891
2454 聯發科	20151014	222.221
2454 聯發科	20151015	225.075
2454 聯發科	20151016	225.075
2454 聯發科	20151019	223.444
2454 聯發科	20151020	224.26
2454 聯發科	20151021	215.697
2454 聯發科	20151022	217.736
2454 聯發科	20151023	217.736
2454 聯發科	20151026	221.405
2454 聯發科	20151027	215.697
2454 聯發科	20151028	208.765
2454 聯發科	20151029	206.319
2454 聯發科	20151030	207.542
2454 聯發科	20151102	220.182
2454 聯發科	20151103	225.075
2454 聯發科	20151104	246.685
2454 聯發科	20151105	242.2
2454 聯發科	20151106	234.861
2454 聯發科	20151109	233.23
2454 聯發科	20151110	232.822
2454 聯發科	20151111	224.26
2454 聯發科	20151112	221.813
2454 聯發科	20151113	216.512
2454 聯發科	20151116	220.59
2454 聯發科	20151117	216.512
2454 聯發科	20151118	210.396
2454 聯發科	20151119	216.105
2454 聯發科	20151120	213.25
2454 聯發科	20151123	224.26
2454 聯發科	20151124	218.551
2454 聯發科	20151125	214.066
2454 聯發科	20151126	223.444
2454 聯發科	20151127	217.736
2454 聯發科	20151130	212.435
2454 聯發科	20151201	212.843
2454 聯發科	20151202	219.367
2454 聯發科	20151203	223.444
2454 聯發科	20151204	219.367
2454 聯發科	20151207	224.26
2454 聯發科	20151208	220.182
2454 聯發科	20151209	215.289
2454 聯發科	20151210	212.027
2454 聯發科	20151211	209.988
2454 聯發科	20151214	207.95
2454 聯發科	20151215	211.212
2454 聯發科	20151216	206.319
2454 聯發科	20151217	211.212
2454 聯發科	20151218	211.212
2454 聯發科	20151221	207.134
2454 聯發科	20151222	212.435
2454 聯發科	20151223	209.581
2454 聯發科	20151224	207.542
2454 聯發科	20151225	209.173
2454 聯發科	20151228	211.619
2454 聯發科	20151229	203.872
2454 聯發科	20151230	202.649
2454 聯發科	20151231	203.872
2454 聯發科	20160104	199.795
2454 聯發科	20160105	197.756
2454 聯發科	20160106	185.116
2454 聯發科	20160107	167.991
2454 聯發科	20160108	174.107
2454 聯發科	20160111	170.437
2454 聯發科	20160112	168.399
2454 聯發科	20160113	168.399
2454 聯發科	20160114	169.622
2454 聯發科	20160115	167.175
2454 聯發科	20160118	171.253
2454 聯發科	20160119	176.553
2454 聯發科	20160120	171.253
2454 聯發科	20160121	171.253
2454 聯發科	20160122	172.884
2454 聯發科	20160125	174.922
2454 聯發科	20160126	170.437
2454 聯發科	20160127	172.068
2454 聯發科	20160128	169.622
2454 聯發科	20160129	174.515
2454 聯發科	20160130	177.369
2454 聯發科	20160201	171.253
2454 聯發科	20160202	172.884
2454 聯發科	20160203	163.098
2454 聯發科	20160215	167.583
2454 聯發科	20160216	172.476
2454 聯發科	20160217	171.253
2454 聯發科	20160218	179.408
2454 聯發科	20160219	179.815
2454 聯發科	20160222	186.747
2454 聯發科	20160223	188.378
2454 聯發科	20160224	185.116
2454 聯發科	20160225	191.232
2454 聯發科	20160226	192.455
2454 聯發科	20160301	189.601
2454 聯發科	20160302	190.824
2454 聯發科	20160303	195.717
2454 聯發科	20160304	195.717
2454 聯發科	20160307	191.64
2454 聯發科	20160308	191.64
2454 聯發科	20160309	194.494
2454 聯發科	20160310	189.601
2454 聯發科	20160311	196.533
2454 聯發科	20160314	212.027
2454 聯發科	20160315	202.241
2454 聯發科	20160316	205.911
2454 聯發科	20160317	205.911
2454 聯發科	20160318	210.396
2454 聯發科	20160321	209.581
2454 聯發科	20160322	202.241
2454 聯發科	20160323	198.572
2454 聯發科	20160324	200.61
2454 聯發科	20160325	198.572
2454 聯發科	20160328	195.717
2454 聯發科	20160329	198.979
2454 聯發科	20160330	203.464
2454 聯發科	20160331	201.426
2454 聯發科	20160401	196.533
2454 聯發科	20160406	188.378
2454 聯發科	20160407	186.747
2454 聯發科	20160408	187.155
2454 聯發科	20160411	189.193
2454 聯發科	20160412	181.039
2454 聯發科	20160413	183.893
2454 聯發科	20160414	188.378
2454 聯發科	20160415	190.824
2454 聯發科	20160418	191.232
2454 聯發科	20160419	189.601
2454 聯發科	20160420	189.193
2454 聯發科	20160421	190.824
2454 聯發科	20160422	187.563
2454 聯發科	20160425	185.932
2454 聯發科	20160426	192.863
2454 聯發科	20160427	197.348
2454 聯發科	20160428	192.455
2454 聯發科	20160429	187.563
2454 聯發科	20160503	172.068
2454 聯發科	20160504	164.321
2454 聯發科	20160505	165.544
2454 聯發科	20160506	156.574
2454 聯發科	20160509	159.836
2454 聯發科	20160510	166.36
2454 聯發科	20160511	163.098
2454 聯發科	20160512	163.098
2454 聯發科	20160513	163.098
2454 聯發科	20160516	164.321
2454 聯發科	20160517	165.137
2454 聯發科	20160518	165.952
2454 聯發科	20160519	163.098
2454 聯發科	20160520	164.729
2454 聯發科	20160523	171.253
2454 聯發科	20160524	170.437
2454 聯發科	20160525	172.068
2454 聯發科	20160526	174.515
2454 聯發科	20160527	173.291
2454 聯發科	20160530	176.553
2454 聯發科	20160531	179.408
2454 聯發科	20160601	181.039
2454 聯發科	20160602	175.33
2454 聯發科	20160603	178.592
2454 聯發科	20160604	183.485
2454 聯發科	20160606	187.155
2454 聯發科	20160607	190.009
2454 聯發科	20160608	187.563
2454 聯發科	20160613	179.408
2454 聯發科	20160614	183.485
2454 聯發科	20160615	187.97
2454 聯發科	20160616	184.301
2454 聯發科	20160617	185.116
2454 聯發科	20160620	185.524
2454 聯發科	20160621	187.155
2454 聯發科	20160622	186.747
2454 聯發科	20160623	185.932
2454 聯發科	20160624	182.262
2454 聯發科	20160627	184.708
2454 聯發科	20160628	186.747
2454 聯發科	20160629	193.679
2454 聯發科	20160630	198.979
2454 聯發科	20160701	199.795
2454 聯發科	20160704	208.357
2454 聯發科	20160705	199.795
2454 聯發科	20160706	193.271
2454 聯發科	20160707	194.086
2454 聯發科	20160711	201.426
2454 聯發科	20160712	202.241
2454 聯發科	20160713	201.426
2454 聯發科	20160714	200.61
2454 聯發科	20160715	204.452
2454 聯發科	20160718	204.878
2454 聯發科	20160719	204.878
2454 聯發科	20160720	203.171
2454 聯發科	20160721	201.037
2454 聯發科	20160722	201.464
2454 聯發科	20160725	201.464
2454 聯發科	20160726	205.732
2454 聯發科	20160727	204.878
2454 聯發科	20160728	208.293
2454 聯發科	20160729	207.866
2454 聯發科	20160801	212.561
2454 聯發科	20160802	213.415
2454 聯發科	20160803	212.561
2454 聯發科	20160804	207.013
2454 聯發科	20160805	212.561
2454 聯發科	20160808	212.135
2454 聯發科	20160809	213.415
2454 聯發科	20160810	213.415
2454 聯發科	20160811	212.135
2454 聯發科	20160812	212.561
2454 聯發科	20160815	212.561
2454 聯發科	20160816	212.988
2454 聯發科	20160817	213.842
2454 聯發科	20160818	213.415
2454 聯發科	20160819	209.147
2454 聯發科	20160822	206.586
2454 聯發科	20160823	207.013
2454 聯發科	20160824	205.732
2454 聯發科	20160825	208.293
2454 聯發科	20160826	207.866
2454 聯發科	20160829	208.72
2454 聯發科	20160830	212.561
2454 聯發科	20160831	212.988
2454 聯發科	20160901	214.269
2454 聯發科	20160902	209.574
2454 聯發科	20160905	218.964
2454 聯發科	20160906	217.256
2454 聯發科	20160907	216.403
2454 聯發科	20160908	213.842
2454 聯發科	20160909	209.147
2454 聯發科	20160910	204.878
2454 聯發科	20160912	203.171
2454 聯發科	20160913	204.452
2454 聯發科	20160914	204.025
2454 聯發科	20160919	207.013
2454 聯發科	20160920	209.574
2454 聯發科	20160921	210
2454 聯發科	20160922	209.147
2454 聯發科	20160923	210.854
2454 聯發科	20160926	207.866
2454 聯發科	20160929	207.866
2454 聯發科	20160930	204.452
2454 聯發科	20161003	205.732
2454 聯發科	20161004	207.439
2454 聯發科	20161005	210.854
2454 聯發科	20161006	207.866
2454 聯發科	20161007	205.732
2454 聯發科	20161011	205.732
2454 聯發科	20161012	204.878
2454 聯發科	20161013	202.744
2454 聯發科	20161014	201.891
2454 聯發科	20161017	205.732
2454 聯發科	20161018	204.878
2454 聯發科	20161019	203.171
2454 聯發科	20161020	201.464
2454 聯發科	20161021	201.037
2454 聯發科	20161024	203.171
2454 聯發科	20161025	207.439
2454 聯發科	20161026	205.305
2454 聯發科	20161027	204.025
2454 聯發科	20161028	202.744
2454 聯發科	20161031	204.878
2454 聯發科	20161101	202.744
2454 聯發科	20161102	201.891
2454 聯發科	20161103	201.891
2454 聯發科	20161104	192.927
2454 聯發科	20161107	197.196
2454 聯發科	20161108	194.635
2454 聯發科	20161109	188.232
2454 聯發科	20161110	189.512
2454 聯發科	20161111	183.537
2454 聯發科	20161114	186.525
2454 聯發科	20161115	184.391
2454 聯發科	20161116	184.391
2454 聯發科	20161117	189.086
2454 聯發科	20161118	193.781
2454 聯發科	20161121	190.366
2454 聯發科	20161122	195.061
2454 聯發科	20161123	192.927
2454 聯發科	20161124	189.512
2454 聯發科	20161125	189.086
2454 聯發科	20161128	190.793
2454 聯發科	20161129	189.086
2454 聯發科	20161130	189.086
2454 聯發科	20161201	191.647
2454 聯發科	20161202	192.074
2454 聯發科	20161205	190.793
2454 聯發科	20161206	192.927
2454 聯發科	20161207	192.074
2454 聯發科	20161208	196.342
2454 聯發科	20161209	196.769
2454 聯發科	20161212	195.915
2454 聯發科	20161213	195.061
2454 聯發科	20161214	192.074
2454 聯發科	20161215	194.635
2454 聯發科	20161216	192.927
2454 聯發科	20161219	191.22
2454 聯發科	20161220	187.378
2454 聯發科	20161221	184.817
2454 聯發科	20161222	185.244
2454 聯發科	20161223	184.817
2454 聯發科	20161226	184.391
2454 聯發科	20161227	186.098
2454 聯發科	20161228	186.525
2454 聯發科	20161229	184.817
2454 聯發科	20161230	184.817
2454 聯發科	20170103	186.098
2454 聯發科	20170104	184.391
2454 聯發科	20170105	186.098
2454 聯發科	20170106	187.805
2454 聯發科	20170109	185.244
2454 聯發科	20170110	183.11
2454 聯發科	20170111	183.964
2454 聯發科	20170112	185.244
2454 聯發科	20170113	183.537
2454 聯發科	20170116	179.695
2454 聯發科	20170117	182.256
2454 聯發科	20170118	180.549
2454 聯發科	20170119	181.83
2454 聯發科	20170120	180.549
2454 聯發科	20170123	183.11
2454 聯發科	20170124	182.256
2454 聯發科	20170202	174.574
2454 聯發科	20170203	176.708
2454 聯發科	20170206	180.976
2454 聯發科	20170207	186.098
2454 聯發科	20170208	182.256
2454 聯發科	20170209	183.537
2454 聯發科	20170210	183.964
2454 聯發科	20170213	185.244
2454 聯發科	20170214	185.244
2454 聯發科	20170215	184.817
2454 聯發科	20170216	185.244
2454 聯發科	20170217	192.074
2454 聯發科	20170218	191.647
2454 聯發科	20170220	191.647
2454 聯發科	20170221	192.5
2454 聯發科	20170222	192.5
2454 聯發科	20170223	191.647
2454 聯發科	20170224	191.22
2454 聯發科	20170301	192.074
2454 聯發科	20170302	190.793
2454 聯發科	20170303	187.378
2454 聯發科	20170306	186.098
2454 聯發科	20170307	186.098
2454 聯發科	20170308	189.512
2454 聯發科	20170309	186.098
2454 聯發科	20170310	189.512
2454 聯發科	20170313	189.939
2454 聯發科	20170314	190.366
2454 聯發科	20170315	189.086
2454 聯發科	20170316	191.647
2454 聯發科	20170317	192.5
2454 聯發科	20170320	192.927
2454 聯發科	20170321	196.342
2454 聯發科	20170322	194.208
2454 聯發科	20170323	191.22
2454 聯發科	20170324	190.366
2454 聯發科	20170327	191.22
2454 聯發科	20170328	190.366
2454 聯發科	20170329	186.952
2454 聯發科	20170330	186.525
2454 聯發科	20170331	183.537
2454 聯發科	20170405	187.805
2454 聯發科	20170406	185.244
2454 聯發科	20170407	184.817
2454 聯發科	20170410	185.244
2454 聯發科	20170411	180.976
2454 聯發科	20170412	182.683
2454 聯發科	20170413	181.83
2454 聯發科	20170414	180.976
2454 聯發科	20170417	180.122
2454 聯發科	20170418	181.403
2454 聯發科	20170419	182.683
2454 聯發科	20170420	183.537
2454 聯發科	20170421	183.537
2454 聯發科	20170424	183.537
2454 聯發科	20170425	183.537
2454 聯發科	20170426	182.256
2454 聯發科	20170427	185.244
2454 聯發科	20170428	185.244
2454 聯發科	20170502	189.086
2454 聯發科	20170503	186.525
2454 聯發科	20170504	186.098
2454 聯發科	20170505	184.391
2454 聯發科	20170508	181.403
2454 聯發科	20170509	177.561
2454 聯發科	20170510	178.415
2454 聯發科	20170511	182.256
2454 聯發科	20170512	183.11
2454 聯發科	20170515	183.11
2454 聯發科	20170516	180.549
2454 聯發科	20170517	181.83
2454 聯發科	20170518	181.83
2454 聯發科	20170519	181.403
2454 聯發科	20170522	178.415
2454 聯發科	20170523	177.561
2454 聯發科	20170524	184.817
2454 聯發科	20170525	195.061
2454 聯發科	20170526	195.915
2454 聯發科	20170531	196.342
2454 聯發科	20170601	194.635
2454 聯發科	20170602	199.756
2454 聯發科	20170603	201.037
2454 聯發科	20170605	207.439
2454 聯發科	20170606	209.147
2454 聯發科	20170607	215.122
2454 聯發科	20170608	216.83
2454 聯發科	20170609	213.842
2454 聯發科	20170612	212.135
2454 聯發科	20170613	210.854
2454 聯發科	20170614	213.415
2454 聯發科	20170615	214.269
2454 聯發科	20170616	215.976
2454 聯發科	20170619	218.11
2454 聯發科	20170620	219.817
2454 聯發科	20170621	230.061
2454 聯發科	20170622	231.342
2454 聯發科	20170623	226.647
2454 聯發科	20170626	230.061
2454 聯發科	20170627	230.488
2454 聯發科	20170628	225.366
2454 聯發科	20170629	228.354
2454 聯發科	20170630	222.378
2454 聯發科	20170703	228.354
2454 聯發科	20170704	224.939
2454 聯發科	20170705	226.22
2454 聯發科	20170706	224.006
2454 聯發科	20170707	221.35
2454 聯發科	20170710	218.694
2454 聯發科	20170711	224.892
2454 聯發科	20170712	225.335
2454 聯發科	20170713	223.121
2454 聯發科	20170714	225.335
2454 聯發科	20170717	225.335
2454 聯發科	20170718	222.236
2454 聯發科	20170719	231.09
2454 聯發科	20170720	229.319
2454 聯發科	20170721	226.22
2454 聯發科	20170724	224.449
2454 聯發科	20170725	226.663
2454 聯發科	20170726	229.319
2454 聯發科	20170727	232.861
2454 聯發科	20170728	235.959
2454 聯發科	20170731	235.517
2454 聯發科	20170801	258.98
2454 聯發科	20170802	265.62
2454 聯發科	20170803	257.652
2454 聯發科	20170804	256.766
2454 聯發科	20170807	255.881
2454 聯發科	20170808	254.11
2454 聯發科	20170809	251.454
2454 聯發科	20170810	247.912
2454 聯發科	20170811	253.225
2454 聯發科	20170814	247.912
2454 聯發科	20170815	240.386
2454 聯發科	20170816	241.714
2454 聯發科	20170817	240.829
2454 聯發科	20170818	236.845
2454 聯發科	20170821	240.829
2454 聯發科	20170822	239.501
2454 聯發科	20170823	239.944
2454 聯發科	20170824	241.714
2454 聯發科	20170825	238.173
2454 聯發科	20170828	240.386
2454 聯發科	20170829	236.402
2454 聯發科	20170830	237.73
2454 聯發科	20170831	239.501
2454 聯發科	20170901	240.829
2454 聯發科	20170904	239.944
2454 聯發科	20170905	247.47
2454 聯發科	20170906	240.386
2454 聯發科	20170907	241.272
2454 聯發科	20170908	243.043
2454 聯發科	20170911	247.027
2454 聯發科	20170912	243.928
2454 聯發科	20170913	243.485
2454 聯發科	20170914	254.11
2454 聯發科	20170915	258.537
2454 聯發科	20170918	258.98
2454 聯發科	20170919	259.423
2454 聯發科	20170920	256.766
2454 聯發科	20170921	259.865
2454 聯發科	20170922	253.225
2454 聯發科	20170925	252.782
2454 聯發科	20170926	249.683
2454 聯發科	20170927	254.553
2454 聯發科	20170928	257.652
2454 聯發科	20170929	251.897
2454 聯發科	20170930	258.094
2454 聯發科	20171002	254.995
2454 聯發科	20171003	254.995
2454 聯發科	20171005	252.339
2454 聯發科	20171006	257.652
2454 聯發科	20171011	270.933
2454 聯發科	20171012	268.719
2454 聯發科	20171013	285.099
2454 聯發科	20171016	288.641
2454 聯發科	20171017	284.214
2454 聯發科	20171018	278.459
2454 聯發科	20171019	280.229
2454 聯發科	20171020	277.13
2454 聯發科	20171023	283.771
2454 聯發科	20171024	284.656
2454 聯發科	20171025	290.411
2454 聯發科	20171026	299.708
2454 聯發科	20171027	292.182
2454 聯發科	20171030	296.167
2454 聯發科	20171031	303.25
2454 聯發科	20171101	299.265
2454 聯發科	20171102	297.495
2454 聯發科	20171103	296.609
2454 聯發科	20171106	290.411
2454 聯發科	20171107	298.823
2454 聯發科	20171108	297.937
2454 聯發科	20171109	293.068
2454 聯發科	20171110	288.641
2454 聯發科	20171113	281.115
2454 聯發科	20171114	288.641
2454 聯發科	20171115	285.099
2454 聯發科	20171116	283.771
2454 聯發科	20171117	291.74
2454 聯發科	20171120	283.328
2454 聯發科	20171121	285.099
2454 聯發科	20171122	289.526
2454 聯發科	20171123	289.526
2454 聯發科	20171124	288.641
2454 聯發科	20171127	292.625
2454 聯發科	20171128	293.068
2454 聯發科	20171129	296.167
2454 聯發科	20171130	288.641
2454 聯發科	20171201	278.901
2454 聯發科	20171204	283.328
2454 聯發科	20171205	281.558
2454 聯發科	20171206	253.667
2454 聯發科	20171207	254.553
2454 聯發科	20171208	262.079
2454 聯發科	20171211	265.178
2454 聯發科	20171212	262.079
2454 聯發科	20171213	257.652
2454 聯發科	20171214	256.324
2454 聯發科	20171215	252.339
2454 聯發科	20171218	254.553
2454 聯發科	20171219	260.308
2454 聯發科	20171220	258.98
2454 聯發科	20171221	256.766
2454 聯發科	20171222	257.209
2454 聯發科	20171225	254.11
2454 聯發科	20171226	247.912
2454 聯發科	20171227	250.569
2454 聯發科	20171228	253.225
2454 聯發科	20171229	260.308
2454 聯發科	20180102	258.094
2454 聯發科	20180103	266.063
2454 聯發科	20180104	271.818
2454 聯發科	20180105	265.62
2454 聯發科	20180108	263.849
2454 聯發科	20180109	269.162
2454 聯發科	20180110	274.032
2454 聯發科	20180111	270.933
2454 聯發科	20180112	274.032
2454 聯發科	20180115	277.13
2454 聯發科	20180116	276.245
2454 聯發科	20180117	271.375
2454 聯發科	20180118	282.886
2454 聯發科	20180119	282.443
2454 聯發科	20180122	282.443
2454 聯發科	20180123	281.558
2454 聯發科	20180124	272.261
2454 聯發科	20180125	270.49
2454 聯發科	20180126	272.704
2454 聯發科	20180129	272.704
2454 聯發科	20180130	264.735
2454 聯發科	20180131	264.735
2454 聯發科	20180201	271.818
2454 聯發科	20180202	269.605
2454 聯發科	20180205	264.735
2454 聯發科	20180206	253.667
2454 聯發科	20180207	251.897
2454 聯發科	20180208	253.225
2454 聯發科	20180209	250.569
2454 聯發科	20180212	252.339
2454 聯發科	20180221	269.605
2454 聯發科	20180222	267.391
2454 聯發科	20180223	266.063
2454 聯發科	20180226	262.521
2454 聯發科	20180227	266.506
2454 聯發科	20180301	265.178
2454 聯發科	20180302	267.834
2454 聯發科	20180305	261.193
2454 聯發科	20180306	266.506
2454 聯發科	20180307	265.62
2454 聯發科	20180308	274.032
2454 聯發科	20180309	274.917
2454 聯發科	20180312	280.672
2454 聯發科	20180313	282.443
2454 聯發科	20180314	277.573
2454 聯發科	20180315	281.558
2454 聯發科	20180316	280.672
2454 聯發科	20180319	295.724
2454 聯發科	20180320	303.25
2454 聯發科	20180321	297.495
2454 聯發科	20180322	297.495
2454 聯發科	20180323	290.411
2454 聯發科	20180326	307.234
2454 聯發科	20180327	303.25
2454 聯發科	20180328	294.839
2454 聯發科	20180329	293.068
2454 聯發科	20180330	301.036
2454 聯發科	20180331	301.479
2454 聯發科	20180402	297.937
2454 聯發科	20180403	290.411
2454 聯發科	20180409	289.969
2454 聯發科	20180410	289.526
2454 聯發科	20180411	300.151
2454 聯發科	20180412	293.51
2454 聯發科	20180413	297.495
2454 聯發科	20180416	302.807
2454 聯發科	20180417	301.036
2454 聯發科	20180418	320.515
2454 聯發科	20180419	319.187
2454 聯發科	20180420	313.875
2454 聯發科	20180423	310.333
2454 聯發科	20180424	302.364
2454 聯發科	20180425	298.38
2454 聯發科	20180426	286.427
2454 聯發科	20180427	300.594
2454 聯發科	20180430	301.036
2454 聯發科	20180502	293.067
2454 聯發科	20180503	283.328
2454 聯發科	20180504	288.198
2454 聯發科	20180507	282
2454 聯發科	20180508	287.755
2454 聯發科	20180509	290.411
2454 聯發科	20180510	291.739
2454 聯發科	20180511	282.885
2454 聯發科	20180514	283.328
2454 聯發科	20180515	282.443
2454 聯發科	20180516	282.443
2454 聯發科	20180517	274.474
2454 聯發科	20180518	277.13
2454 聯發科	20180521	278.016
2454 聯發科	20180522	283.771
2454 聯發科	20180523	283.328
2454 聯發科	20180524	285.099
2454 聯發科	20180525	286.87
2454 聯發科	20180528	282
2454 聯發科	20180529	278.901
2454 聯發科	20180530	274.474
2454 聯發科	20180531	275.802
2454 聯發科	20180601	282.443
2454 聯發科	20180604	291.739
2454 聯發科	20180605	287.755
2454 聯發科	20180606	293.067
2454 聯發科	20180607	293.067
2454 聯發科	20180608	292.182
2454 聯發科	20180611	294.396
2454 聯發科	20180612	286.87
2454 聯發科	20180613	283.771
2454 聯發科	20180614	278.901
2454 聯發科	20180615	278.901
2454 聯發科	20180619	276.245
2454 聯發科	20180620	274.474
2454 聯發科	20180621	276.245
2454 聯發科	20180622	274.917
2454 聯發科	20180625	274.474
2454 聯發科	20180626	262.521
2454 聯發科	20180627	262.521
2454 聯發科	20180628	262.964
2454 聯發科	20180629	265.62
2454 聯發科	20180702	270.047
2454 聯發科	20180703	269.604
2454 聯發科	20180704	263.849
2454 聯發科	20180705	249.24
2454 聯發科	20180706	252.339
2454 聯發科	20180709	250.045
2454 聯發科	20180710	256.927
2454 聯發科	20180711	253.257
2454 聯發科	20180712	259.68
2454 聯發科	20180713	261.515
2454 聯發科	20180716	259.221
2454 聯發科	20180717	261.974
2454 聯發科	20180718	257.845
2454 聯發科	20180719	260.598
2454 聯發科	20180720	256.927
2454 聯發科	20180723	249.128
2454 聯發科	20180724	233.987
2454 聯發科	20180725	240.869
2454 聯發科	20180726	241.328
2454 聯發科	20180727	245.457
2454 聯發科	20180730	238.575
2454 聯發科	20180731	233.07
2454 聯發科	20180801	252.339
2454 聯發科	20180802	246.834
2454 聯發科	20180803	251.422
2454 聯發科	20180806	250.504
2454 聯發科	20180807	252.798
2454 聯發科	20180808	254.633
2454 聯發科	20180809	252.339
2454 聯發科	20180810	251.88
2454 聯發科	20180813	241.787
2454 聯發科	20180814	243.163
2454 聯發科	20180815	238.575
2454 聯發科	20180816	227.105
2454 聯發科	20180817	226.647
2454 聯發科	20180820	226.647
2454 聯發科	20180821	225.27
2454 聯發科	20180822	227.105
2454 聯發科	20180823	232.152
2454 聯發科	20180824	229.399
2454 聯發科	20180827	227.105
2454 聯發科	20180828	231.234
2454 聯發科	20180829	234.905
2454 聯發科	20180830	234.905
2454 聯發科	20180831	230.776
2454 聯發科	20180903	228.94
2454 聯發科	20180904	232.611
2454 聯發科	20180905	233.07
2454 聯發科	20180906	233.987
2454 聯發科	20180907	227.564
2454 聯發科	20180910	222.517
2454 聯發科	20180911	223.894
2454 聯發科	20180912	223.894
2454 聯發科	20180913	222.059
2454 聯發科	20180914	225.27
2454 聯發科	20180917	223.435
2454 聯發科	20180918	224.352
2454 聯發科	20180919	224.811
2454 聯發科	20180920	218.388
2454 聯發科	20180921	222.976
2454 聯發科	20180925	223.435
2454 聯發科	20180926	221.6
2454 聯發科	20180927	221.6
2454 聯發科	20180928	226.188
2454 聯發科	20181001	229.399
2454 聯發科	20181002	224.811
2454 聯發科	20181003	225.729
2454 聯發科	20181004	222.059
2454 聯發科	20181005	215.177
2454 聯發科	20181008	214.259
2454 聯發科	20181009	209.671
2454 聯發科	20181011	193.154
2454 聯發科	20181012	201.871
2454 聯發科	20181015	202.789
2454 聯發科	20181016	203.707
2454 聯發科	20181017	206
2454 聯發科	20181018	206.459
2454 聯發科	20181019	204.165
2454 聯發科	20181022	203.248
2454 聯發科	20181023	196.366
2454 聯發科	20181024	196.366
2454 聯發科	20181025	192.695
2454 聯發科	20181026	185.355
2454 聯發科	20181029	190.86
2454 聯發科	20181030	189.943
2454 聯發科	20181031	208.753
2454 聯發科	20181101	205.083
2454 聯發科	20181102	208.753
2454 聯發科	20181105	211.047
2454 聯發科	20181106	211.047
2454 聯發科	20181107	215.635
2454 聯發科	20181108	215.635
2454 聯發科	20181109	209.671
2454 聯發科	20181112	215.177
2454 聯發科	20181113	211.965
2454 聯發科	20181114	211.047
2454 聯發科	20181115	212.424
2454 聯發科	20181116	201.871
2454 聯發科	20181119	205.083
2454 聯發科	20181120	206.459
2454 聯發科	20181121	204.624
2454 聯發科	20181122	204.165
2454 聯發科	20181123	203.707
2454 聯發科	20181126	209.212
2454 聯發科	20181127	212.882
2454 聯發科	20181128	217.012
2454 聯發科	20181129	212.424
2454 聯發科	20181130	217.929
2454 聯發科	20181203	225.27
2454 聯發科	20181204	231.234
2454 聯發科	20181205	224.352
2454 聯發科	20181206	210.589
2454 聯發科	20181207	214.259
2454 聯發科	20181210	210.13
2454 聯發科	20181211	209.212
2454 聯發科	20181212	213.8
2454 聯發科	20181213	217.929
2454 聯發科	20181214	216.553
2454 聯發科	20181217	215.635
2454 聯發科	20181218	215.177
2454 聯發科	20181219	216.553
2454 聯發科	20181220	206.459
2454 聯發科	20181221	205.083
2454 聯發科	20181222	204.624
2454 聯發科	20181224	206.459
2454 聯發科	20181225	202.789
2454 聯發科	20181226	201.871
2454 聯發科	20181227	206.459
2454 聯發科	20181228	210.589
2454 聯發科	20190102	202.33
2454 聯發科	20190103	205.083
2454 聯發科	20190104	199.119
2454 聯發科	20190107	200.954
2454 聯發科	20190108	203.707
2454 聯發科	20190109	207.377
2454 聯發科	20190110	207.377
2454 聯發科	20190111	208.753
2454 聯發科	20190114	212.424
2454 聯發科	20190115	213.8
2454 聯發科	20190116	217.47
2454 聯發科	20190117	217.47
2454 聯發科	20190118	223.894
2454 聯發科	20190121	224.352
2454 聯發科	20190122	222.059
2454 聯發科	20190123	221.141
2454 聯發科	20190124	224.352
2454 聯發科	20190125	227.564
2454 聯發科	20190128	228.023
2454 聯發科	20190129	225.27
2454 聯發科	20190130	222.976
2454 聯發科	20190211	238.116
2454 聯發科	20190212	236.281
2454 聯發科	20190213	237.658
2454 聯發科	20190214	234.446
2454 聯發科	20190215	231.234
2454 聯發科	20190218	232.611
2454 聯發科	20190219	229.399
2454 聯發科	20190220	234.446
2454 聯發科	20190221	237.658
2454 聯發科	20190222	242.246
2454 聯發科	20190225	259.221
2454 聯發科	20190226	253.716
2454 聯發科	20190227	256.927
2454 聯發科	20190304	254.174
2454 聯發科	20190305	250.504
2454 聯發科	20190306	256.927
2454 聯發科	20190307	251.422
2454 聯發科	20190308	245.457
2454 聯發科	20190311	247.751
2454 聯發科	20190312	248.21
2454 聯發科	20190313	250.504
2454 聯發科	20190314	250.045
2454 聯發科	20190315	253.257
2454 聯發科	20190318	255.092
2454 聯發科	20190319	252.798
2454 聯發科	20190320	251.88
2454 聯發科	20190321	254.633
2454 聯發科	20190322	260.598
2454 聯發科	20190325	253.716
2454 聯發科	20190326	257.845
2454 聯發科	20190327	256.468
2454 聯發科	20190328	253.716
2454 聯發科	20190329	259.221
2454 聯發科	20190401	261.974
2454 聯發科	20190402	266.562
2454 聯發科	20190403	266.562
2454 聯發科	20190408	270.232
2454 聯發科	20190409	274.82
2454 聯發科	20190410	275.279
2454 聯發科	20190411	267.479
2454 聯發科	20190412	269.315
2454 聯發科	20190415	272.068
2454 聯發科	20190416	275.279
2454 聯發科	20190417	264.727
2454 聯發科	20190418	267.021
2454 聯發科	20190419	266.103
2454 聯發科	20190422	265.185
2454 聯發科	20190423	266.103
2454 聯發科	20190424	265.644
2454 聯發科	20190425	264.268
2454 聯發科	20190426	266.103
2454 聯發科	20190429	263.809
2454 聯發科	20190430	271.15
2454 聯發科	20190502	273.444
2454 聯發科	20190503	283.538
2454 聯發科	20190506	280.785
2454 聯發科	20190507	285.373
2454 聯發科	20190508	284.455
2454 聯發科	20190509	275.279
2454 聯發科	20190510	273.903
2454 聯發科	20190513	262.892
2454 聯發科	20190514	265.185
2454 聯發科	20190515	266.103
2454 聯發科	20190516	264.268
2454 聯發科	20190517	267.021
2454 聯發科	20190520	266.103
2454 聯發科	20190521	266.562
2454 聯發科	20190522	263.809
2454 聯發科	20190523	267.938
2454 聯發科	20190524	263.35
2454 聯發科	20190527	257.845
2454 聯發科	20190528	257.386
2454 聯發科	20190529	257.386
2454 聯發科	20190530	272.068
2454 聯發科	20190531	285.373
2454 聯發科	20190603	288.125
2454 聯發科	20190604	285.373
2454 聯發科	20190605	287.208
2454 聯發科	20190606	281.702
2454 聯發科	20190610	289.961
2454 聯發科	20190611	282.62
2454 聯發科	20190612	283.996
2454 聯發科	20190613	283.996
2454 聯發科	20190614	281.702
2454 聯發科	20190617	275.738
2454 聯發科	20190618	283.079
2454 聯發科	20190619	283.079
2454 聯發科	20190620	284.455
2454 聯發科	20190621	287.667
2454 聯發科	20190624	289.502
2454 聯發科	20190625	285.832
2454 聯發科	20190626	284.914
2454 聯發科	20190627	287.208
2454 聯發科	20190628	288.125
2454 聯發科	20190701	288.125
2454 聯發科	20190702	292.713
2454 聯發科	20190703	291.337
2454 聯發科	20190704	292.713
2454 聯發科	20190705	294.549
2454 聯發科	20190708	296.437
2454 聯發科	20190709	295.965
2454 聯發科	20190710	300.213
2454 聯發科	20190711	304.461
2454 聯發科	20190712	300.213
2454 聯發科	20190715	296.909
2454 聯發科	20190716	296.437
2454 聯發科	20190717	292.661
2454 聯發科	20190718	285.108
2454 聯發科	20190719	287.468
2454 聯發科	20190722	291.244
2454 聯發科	20190723	296.909
2454 聯發科	20190724	290.772
2454 聯發科	20190725	295.493
2454 聯發科	20190726	295.965
2454 聯發科	20190729	301.157
2454 聯發科	20190730	307.293
2454 聯發科	20190731	296.909
2454 聯發科	20190801	296.437
2454 聯發科	20190802	298.325
2454 聯發科	20190805	294.549
2454 聯發科	20190806	291.716
2454 聯發科	20190807	300.213
2454 聯發科	20190808	298.797
2454 聯發科	20190812	304.933
2454 聯發科	20190813	300.213
2454 聯發科	20190814	301.629
2454 聯發科	20190815	298.797
2454 聯發科	20190816	303.989
2454 聯發科	20190819	333.255
2454 聯發科	20190820	331.367
2454 聯發科	20190821	327.591
2454 聯發科	20190822	325.703
2454 聯發科	20190823	323.343
2454 聯發科	20190826	323.815
2454 聯發科	20190827	326.175
2454 聯發科	20190828	345.528
2454 聯發科	20190829	345.056
2454 聯發科	20190830	346.944
2454 聯發科	20190902	349.777
2454 聯發科	20190903	343.64
2454 聯發科	20190904	344.584
2454 聯發科	20190905	346.944
2454 聯發科	20190906	353.553
2454 聯發科	20190909	361.105
2454 聯發科	20190910	356.857
2454 聯發科	20190911	353.553
2454 聯發科	20190912	354.025
2454 聯發科	20190916	360.633
2454 聯發科	20190917	361.577
2454 聯發科	20190918	360.633
2454 聯發科	20190919	359.217
2454 聯發科	20190920	364.882
2454 聯發科	20190923	366.298
2454 聯發科	20190924	365.354
2454 聯發科	20190925	358.745
2454 聯發科	20190926	354.969
2454 聯發科	20190927	348.36
2454 聯發科	20191001	355.441
2454 聯發科	20191002	351.193
2454 聯發科	20191003	358.273
2454 聯發科	20191004	363.937
2454 聯發科	20191007	362.521
2454 聯發科	20191008	362.993
2454 聯發科	20191009	351.193
2454 聯發科	20191014	349.777
2454 聯發科	20191015	346.472
2454 聯發科	20191016	339.864
2454 聯發科	20191017	350.248
2454 聯發科	20191018	349.304
2454 聯發科	20191021	348.36
2454 聯發科	20191022	350.721
2454 聯發科	20191023	351.193
2454 聯發科	20191024	360.161
2454 聯發科	20191025	357.801
2454 聯發科	20191028	365.354
2454 聯發科	20191029	371.018
2454 聯發科	20191030	374.322
2454 聯發科	20191031	385.179
2454 聯發科	20191101	382.347
2454 聯發科	20191104	388.955
2454 聯發科	20191105	401.228
2454 聯發科	20191106	409.725
2454 聯發科	20191107	401.228
2454 聯發科	20191108	390.843
2454 聯發科	20191111	380.931
2454 聯發科	20191112	387.067
2454 聯發科	20191113	385.179
2454 聯發科	20191114	387.539
2454 聯發科	20191115	398.396
2454 聯發科	20191118	396.036
2454 聯發科	20191119	397.452
2454 聯發科	20191120	391.315
2454 聯發科	20191121	384.235
2454 聯發科	20191122	388.011
2454 聯發科	20191125	395.092
2454 聯發科	20191126	396.508
2454 聯發科	20191127	398.868
2454 聯發科	20191128	407.365
2454 聯發科	20191129	397.924
2454 聯發科	20191202	393.204
2454 聯發科	20191203	394.62
2454 聯發科	20191204	400.756
2454 聯發科	20191205	396.508
2454 聯發科	20191206	391.787
2454 聯發科	20191209	402.644
2454 聯發科	20191210	401.228
2454 聯發科	20191211	405.004
2454 聯發科	20191212	403.588
2454 聯發科	20191213	408.308
2454 聯發科	20191216	417.277
2454 聯發科	20191217	434.742
2454 聯發科	20191218	430.966
2454 聯發科	20191219	429.078
2454 聯發科	20191220	421.053
2454 聯發科	20191223	423.886
2454 聯發科	20191224	420.109
2454 聯發科	20191225	426.718
2454 聯發科	20191226	423.886
2454 聯發科	20191227	421.526
2454 聯發科	20191230	421.526
2454 聯發科	20191231	418.693
